11010111
11111111
11111111
11111111
11101010
11111111
11111111
11111111
00000101
00000000
00000000
00000000
00101110
00000000
00000000
00000000
00101111
00000000
00000000
00000000
11011101
11111111
11111111
11111111
10001010
00000000
00000010
00000000
00011010
00000000
00000010
00000000
11111111
11111111
11111111
11111111
00000000
00000010
00000000
00001000
11011100
11111111
11111111
11111111
11111000
11111111
11111111
11111111
00010110
00000000
00001000
00000000
00000001
00000000
00001000
00000000
00101110
00000000
00010000
00000000
00010000
00000000
00100100
00100000
01101101
11111111
11111111
11111111
00100011
00010000
00011000
01100000
00110010
00100100
00001000
00100100
01100100
00100001
00100100
00100100
11010001
11010011
00111110
01110001
00111101
01110110
00011110
00011101
00011101
00011010
01011101
10010001